Overlap integrals:
     0     0      1.0000000000000002
     0     1      0.6593496737729044
     1     1      1.0000000000000002

Kinetic Integrals
     0     0      0.7600318835666090
     0     1      0.2364833120215751
     1     1      0.7600318835666090

Nuclear Integrals
     0     0      0.7600318835666090
     0     1      0.2364833120215751
     1     1      0.7600318835666090

Two-Electron Integrals:
     0     0     0     0      0.7746059439198979
     1     0     0     0      0.4441350695399573
     1     0     1     0      0.2970603935859659
     1     1     0     0      0.5696940113278337
     1     1     1     0      0.4441350695399575
     1     1     1     1      0.7746059439198979
