Transformation Matrix X:
     1     1      1.2935779638009088
     2     1      -0.5015595507979026
     2     2      1.9909350347164039
     3     1      -0.1947067118846643
     3     2      0.0753543487077019
     3     3      1.2935779638009086
     4     1      0.0753543487077009
     4     2      -1.0378633654324134
     4     3      -0.5015595507979035
     4     4      1.9909350347164068

Core Hamiltonian:
     1     1      -0.9599751777601153
     2     1      -0.9209184795277865
     2     2      -0.9269351135797187
     3     1      -0.8077364604454063
     3     2      -0.7785929561922394
     3     3      -0.9599751777601153
     4     1      -0.7785929561922392
     4     2      -0.8545404854321357
     4     3      -0.9209184795277865
     4     4      -0.9269351135797187

Core Hamiltonian (Orthogonal Basis):
     1     1      -0.4915668935962456
     2     1      -0.4844000207024079
     2     2      -0.3880042624964907
     3     1      -0.3746692217836561
     3     2      -0.0526802655322146
     3     3      -0.4915668935962450
     4     1      -0.0526802655322147
     4     2      -0.1706005980673763
     4     3      -0.4844000207024086
     4     4      -0.3880042624964929

Fock Matrix:
     1     1      -0.0367260043541889
     2     1      -0.5063874570624816
     2     2      -0.3382660027577702
     3     1      -0.5589175154971566
     3     2      -0.5138882288832756
     3     3      -0.0367260043541889
     4     1      -0.5138882288832753
     4     2      -0.3751102775605927
     4     3      -0.5063874570624818
     4     4      -0.3382660027577702

Fock Matrix (Orthogonal Basis):
     1     1      0.6314387967683855
     2     1      -0.5807805979477917
     2     2      0.2791360559541479
     3     1      -0.5245932046183237
     3     2      -0.1043483941183727
     3     3      0.6314387967683857
     4     1      -0.1043483941183735
     4     2      -0.2064470918275718
     4     3      -0.5807805979477932
     4     4      0.2791360559541489

Density Matrix:
     1     1      0.1068016219441600
     2     1      0.0888930138836178
     2     2      0.0739873400185301
     3     1      0.1068016219441599
     3     2      0.0888930138836177
     3     3      0.1068016219441598
     4     1      0.0888930138836187
     4     2      0.0739873400185308
     4     3      0.0888930138836186
     4     4      0.0739873400185315
